1 1 1 -0.0980356 0.375417 -1.20425
2 -1 1 0.0958553 -0.228515 1.33476
3 1 1 -0.0458795 0.0292482 -1.12109
4 1 1 -0.0137659 0.519468 -0.589748
5 1 1 -0.0312839 0.283673 -1.25667
6 1 1 -0.14337 0.181397 0.218495
7 -1 1 0.0179919 -0.439117 1.3877
8 -1 1 0.0306468 -0.349208 0.519831
9 1 1 0.0261715 -0.346597 -0.123103
10 1 1 -0.0178547 -0.0270824 -0.00342482
11 -1 2 0.0435737 0.00134754 0.995525
12 1 2 0.0423994 0.115292 -1.21855
13 -1 2 0.0437052 -0.611039 0.771144
14 1 2 -0.0375444 0.267628 -0.64492
15 1 2 -0.0707323 0.223891 -1.22388
16 -1 2 0.171183 -0.377438 0.426161
17 -1 2 -0.0140811 -0.135949 -0.193744
18 -1 2 0.00532315 -0.237092 0.84323
19 -1 2 0.0545345 -0.244308 -0.185787
20 -1 2 0.055365 -0.461548 0.276487
21 1 3 -0.0131517 1.01383 -0.369174
22 -1 3 0.0633006 -0.467395 1.20595
23 1 3 0.0240761 0.535216 -0.412613
24 1 3 -0.174073 0.381684 -0.963575
25 -1 3 0.0146276 -0.454781 0.598842
26 -1 3 -0.0661611 -0.224177 -0.0922294
27 -1 3 0.0423195 -0.577533 1.32607
28 1 3 -0.0716362 0.731579 0.228204
29 1 3 0.0242776 0.234073 -0.635997
30 1 3 -0.0965846 0.458224 -1.21761
31 1 4 0.0051363 0.507077 -0.0944153
32 -1 4 0.043858 -0.630012 0.0986625
33 -1 4 -0.0398195 -0.443125 -0.337127
34 -1 4 0.0374666 0.217713 0.52266
35 1 4 0.0192597 0.858375 0.432819
36 1 4 0.0303006 0.689224 -0.792962
37 1 4 -0.0213911 -0.419898 -0.645608
38 -1 4 0.117287 -0.349435 -0.575487
39 1 4 -0.0278015 0.390982 -0.770388
40 -1 4 0.0148993 -0.177014 0.882823
41 1 5 -0.0303994 -0.231906 -0.137517
42 1 5 -0.00669796 0.245087 0.35704
43 1 5 0.0239217 -0.212739 0.223919
44 1 5 -0.0906905 0.291794 -0.704847
45 -1 5 -0.00688786 0.09219 0.967633
46 1 5 -0.103124 0.706003 -0.181342
47 -1 5 0.0211418 -0.325845 0.358878
48 -1 5 0.0611344 -0.738375 -0.237416
49 1 5 0.00168293 0.20113 -0.219606
50 -1 5 0.0989176 0.0720395 0.485993
51 1 6 0.00104047 0.299698 -0.483792
52 -1 6 0.0133431 0.410888 1.0314
53 1 6 -0.0935667 0.467815 -1.19205
54 -1 6 0.047375 0.244015 0.710605
55 -1 6 0.106886 -0.267948 1.38126
56 1 6 -0.0844112 0.795445 -0.297526
57 -1 6 0.0144167 -0.122655 1.75898
58 -1 6 0.0892915 0.23156 1.70916
59 -1 6 0.0295079 -0.0387194 0.531009
60 1 6 0.0183059 -0.170192 -0.699488
61 1 7 -0.0499051 0.805187 0.177612
62 1 7 -0.0692156 0.422439 -0.318869
63 -1 7 -0.0286597 -0.0792849 0.242817
64 1 7 0.0369589 0.412634 -1.28319
65 -1 7 0.0570114 -0.652376 0.780225
66 1 7 -0.10347 0.0461633 -0.573108
67 -1 7 0.16335 -0.296389 1.19381
68 1 7 -0.0480125 0.313337 -0.545964
69 1 7 -0.0278762 0.245219 -0.210105
70 1 7 -0.0724134 1.00055 0.306917
71 -1 8 0.0311967 0.212349 -0.984224
72 1 8 -0.106112 0.302892 -0.989739
73 -1 8 -0.00275985 -0.375451 0.411673
74 1 8 -0.0537262 0.946207 -0.667778
75 -1 8 0.119346 -0.41552 0.505019
76 1 8 -0.0529188 0.00982485 -0.0939189
77 -1 8 0.0231765 -0.712773 1.21856
78 -1 8 -0.00971982 -0.0669582 0.586666
79 1 8 -0.117165 -0.484341 -1.29337
80 -1 8 0.00950482 -0.474234 1.17102
81 1 9 -0.0845175 0.22768 -0.767889
82 -1 9 0.0275586 -0.308228 0.896398
83 -1 9 0.084225 -0.422423 0.255943
84 -1 9 0.0750556 -0.190226 1.23959
85 -1 9 0.0441297 -0.209192 0.404858
86 -1 9 0.110044 0.261523 1.12345
87 1 9 -0.0985186 0.24463 -1.57771
88 1 9 -0.0563443 0.941477 -0.572724
89 -1 9 0.0223767 -0.080251 0.965183
90 1 9 -0.0510576 -0.0610784 -0.302712
91 -1 10 0.0563838 -0.063324 0.554687
92 -1 10 -0.0176475 -0.81032 0.665879
93 -1 10 0.0544456 -0.452107 0.15346
94 -1 10 0.0438478 0.132391 0.349651
95 1 10 -0.0253651 0.942252 -0.987664
96 -1 10 0.0792421 -0.831836 0.917265
97 -1 10 0.0891707 -0.783336 0.619015
98 -1 10 0.0893851 -0.302265 1.23815
99 -1 10 0.00346205 -0.356526 0.415757
100 1 10 -0.118918 -0.496891 -0.517286
101 1 11 -0.128684 -0.479041 -0.613499
102 -1 11 0.102825 -0.20691 -0.294091
103 -1 11 -0.0100428 0.0162699 0.756517
104 -1 11 0.123642 -0.106522 1.70595
105 1 11 -0.0457639 0.292664 -0.0773575
106 1 11 0.0343763 0.423124 -0.873944
107 1 11 -0.0879409 0.0274338 -1.04765
108 -1 11 0.119871 -0.809515 0.326597
109 1 11 -0.0656769 0.190013 -0.0788263
110 -1 11 0.00183106 0.321232 0.181205
111 -1 12 0.0121896 -0.483033 1.12328
112 -1 12 0.104197 -0.691752 0.812924
113 1 12 0.0245505 0.231219 -0.387211
114 -1 12 0.0574243 -0.395298 0.28972
115 -1 12 0.0361364 0.159178 0.899418
116 1 12 -0.152265 0.237946 -0.518674
117 1 12 -0.00215228 -0.0590206 -0.00289262
118 1 12 0.00644532 0.414315 -0.477784
119 -1 12 0.0213641 -0.256914 0.718556
120 1 12 -0.0501195 0.596746 -0.926437
121 -1 13 0.053024 -0.578449 0.927421
122 1 13 -0.0646568 -0.113333 -0.384265
123 1 13 -0.11089 0.771841 0.210537
124 1 13 -0.0431885 0.74784 -0.828351
125 1 13 -0.0557352 0.0095093 -0.218056
126 1 13 -0.122944 0.203421 0.105138
127 1 13 -0.117112 -0.306452 -0.138233
128 1 13 -0.10923 0.18094 0.256968
129 1 13 0.0368106 0.189405 -0.402128
130 1 13 -0.0640449 -0.169775 -0.0599812
131 1 14 -0.0798133 0.0015774 -0.282123
132 -1 14 0.043107 -0.652375 0.42133
133 1 14 -0.0903195 0.527703 -1.04633
134 1 14 -0.0207688 0.143512 0.476655
135 -1 14 0.0590618 -0.117334 -0.227489
136 1 14 0.00466698 0.894196 -0.222304
137 -1 14 0.128866 -0.511013 1.14252
138 1 14 -0.0629906 0.0675076 -0.704475
139 1 14 -0.0481502 0.536757 -0.424744
140 -1 14 0.0381907 -0.739853 1.9108
141 -1 15 -0.00474852 -0.506356 0.170677
142 1 15 -0.0734575 0.702882 -0.034285
143 -1 15 0.0269649 -0.459833 -0.190092
144 1 15 -0.0243235 -0.141431 0.384674
145 1 15 -0.100535 -0.0183274 -0.0514694
146 1 15 -0.0212362 0.74487 -0.394951
147 -1 15 0.0996179 -0.176693 1.33553
148 -1 15 0.0815382 -0.861167 0.596945
149 -1 15 0.118655 -0.466388 1.26216
150 1 15 -0.0488329 0.295803 -1.17883
151 -1 16 0.0147905 -0.207244 0.608755
152 1 16 0.0126159 -0.132008 -1.0031
153 -1 16 -0.0180821 0.105621 0.050209
154 1 16 0.0357695 -0.00942309 -0.347574
155 -1 16 0.0708627 0.214511 -0.628866
156 1 16 -0.0449153 0.630885 -1.05352
157 -1 16 0.115962 -0.881251 0.791651
158 1 16 -0.0434736 0.461104 -1.31256
159 1 16 -0.0418629 0.704927 -0.922714
160 1 16 0.0262461 0.248679 -0.807096
161 1 17 -0.0208344 0.585567 -0.688754
162 -1 17 0.110112 -0.64102 0.466515
163 -1 17 0.036469 -0.25806 1.09113
164 -1 17 0.0483143 -0.564572 0.574699
165 1 17 -0.00475408 0.954927 -0.812586
166 -1 17 0.0661733 -0.0627816 1.21186
167 1 17 -0.0484738 0.882806 -0.183117
168 -1 17 -0.0157448 -0.554208 -0.315037
169 -1 17 0.102761 -0.315677 0.962862
170 -1 17 0.0106371 -0.306795 1.10895
171 -1 18 -0.0136387 -0.516859 1.03394
172 -1 18 0.133089 0.119762 0.103701
173 1 18 -0.0205736 -0.28284 -0.567073
174 -1 18 0.00901538 -0.304791 -0.134138
175 1 18 -0.0381165 0.299747 -1.36271
176 1 18 -0.1521 0.336289 -0.89947
177 1 18 -0.0406193 0.377966 -0.525009
178 1 18 0.00363441 1.31212 -0.299627
179 1 18 -0.0131948 0.22871 -0.516791
180 -1 18 0.00666113 -1.1391 0.327623
181 -1 19 0.0530736 -0.261449 -0.0647851
182 1 19 -0.0671085 0.12214 0.359435
183 1 19 -0.0623146 0.286822 -0.21858
184 -1 19 0.00544841 -0.501933 -0.0194455
185 1 19 -0.0737884 0.476632 -0.254345
186 1 19 -0.0691226 -0.133114 -0.750483
187 -1 19 -0.0587711 0.0663049 0.669741
188 1 19 -0.0413025 0.511248 -1.15253
189 -1 19 0.0738071 0.15689 -0.190677
190 1 19 -0.0168454 0.35611 -1.60701
191 1 20 -0.0853944 0.834665 -1.1758
192 1 20 -0.10705 -0.0411733 -1.89266
193 1 20 0.0254936 0.14275 -1.51187
194 1 20 -0.00753841 0.635005 -0.507342
195 -1 20 0.0531054 -0.587297 0.953811
196 -1 20 0.0811422 -0.15779 0.301138
197 1 20 -0.0609923 0.449366 -0.579776
198 1 20 -0.0975454 0.467498 -1.05784
199 -1 20 0.0884879 -0.258116 0.130465
200 1 20 -0.0844953 0.0327565 -0.595433
201 -1 21 0.0352641 -0.468857 0.888375
202 -1 21 0.00406592 -0.265408 0.943734
203 1 21 -0.0604647 0.538382 -0.114434
204 1 21 -0.0779142 0.649511 -1.27598
205 1 21 -0.103642 0.130159 -1.18493
206 -1 21 -0.0311262 -0.669472 -0.0628415
207 -1 21 -0.0129047 0.141656 0.413094
208 -1 21 -0.0123872 0.425271 0.648268
209 -1 21 0.0165196 -0.297945 0.369827
210 -1 21 0.0869304 -0.461516 0.296297
211 -1 22 0.128486 -0.0279544 -0.235526
212 -1 22 0.0834842 -0.264623 0.937665
213 1 22 -0.0835298 -0.232392 -0.629672
214 1 22 -0.0794735 0.0148873 0.344323
215 1 22 0.000258322 0.388861 -1.54446
216 -1 22 -0.0035625 -0.74697 0.465848
217 -1 22 0.0541466 -0.117118 1.29518
218 1 22 -0.0122542 0.0457298 -0.310216
219 -1 22 0.0823759 0.26211 0.00325302
220 1 22 -0.0203473 0.738966 0.399874
221 -1 23 0.061411 -0.598083 0.507257
222 1 23 -0.0691798 0.6825 -0.916543
223 -1 23 0.133888 -0.594214 0.523174
224 1 23 -0.0200303 0.346309 -1.29603
225 -1 23 0.0478944 -0.333976 1.01853
226 -1 23 0.0045181 -0.510333 0.044661
227 1 23 -0.0338395 -0.226514 -0.862364
228 1 23 -0.0709434 0.241407 -1.75528
229 -1 23 0.0832637 -0.0846936 0.363528
230 -1 23 0.0377303 -0.224129 0.176678
231 1 24 -0.0511883 0.18455 0.160967
232 -1 24 0.0381887 -0.640138 1.096
233 -1 24 0.0185927 -0.198329 0.0988665
234 -1 24 0.0299159 -0.302178 1.13148
235 1 24 -0.0229861 0.209986 0.234521
236 1 24 -0.0100188 0.517113 -0.0667844
237 1 24 0.029743 0.493464 -0.666795
238 -1 24 -0.0151826 -0.526393 1.4974
239 -1 24 -0.0167284 0.0608815 0.472766
240 1 24 0.0124679 0.606568 -0.612719
241 -1 25 0.0442509 0.0977338 -0.073989
242 -1 25 0.050726 -0.209463 0.229479
243 1 25 0.000373607 0.0783228 -0.320758
244 1 25 -0.0578061 0.505565 -0.647932
245 -1 25 -0.0173876 -0.674658 0.67317
246 -1 25 0.0945171 -0.990843 -0.061115
247 -1 25 -0.0246658 -0.561425 1.0561
248 -1 25 0.0293956 -0.489447 -0.514785
249 1 25 -0.06046 0.697097 -0.939646
250 -1 25 -0.00261919 -0.687542 1.47048
251 1 26 -0.0653048 0.797799 -0.692901
252 1 26 -0.0309781 0.70381 -0.423674
253 1 26 -0.0155746 0.123426 0.0697819
254 -1 26 -0.0356341 0.0475837 0.812883
255 -1 26 0.0701298 -0.168584 0.356096
256 1 26 -0.0517948 0.375859 -0.523657
257 -1 26 0.0559787 -0.437146 0.215695
258 -1 26 0.0293891 -0.462145 -0.162148
259 -1 26 0.160513 -0.756754 1.29703
260 -1 26 0.0620741 -0.120092 0.417652
261 -1 27 0.0890633 -0.257444 1.28643
262 1 27 -0.0663928 0.606647 -0.606607
263 -1 27 0.0907196 -0.329687 1.81502
264 -1 27 0.014572 -0.692795 -0.281335
265 -1 27 0.0823757 -0.353085 0.740449
266 -1 27 0.0171619 -0.519185 -0.277689
267 -1 27 0.0664956 -0.000742273 -0.409082
268 1 27 -0.0886948 0.973055 -0.615576
269 -1 27 0.0440128 -0.379588 1.00388
270 -1 27 0.177553 -0.347298 0.492249
271 -1 28 0.0344819 -0.257831 0.439007
272 -1 28 0.0768021 -0.372545 -0.466633
273 -1 28 0.0688717 -0.496862 1.44142
274 1 28 -0.121335 0.81474 -0.787405
275 1 28 0.0497173 0.212825 -0.477646
276 -1 28 0.164542 -0.266375 -0.16335
277 -1 28 0.0366017 0.0471454 0.206389
278 1 28 -0.0472 -0.150559 -0.444722
279 1 28 -0.0646577 0.539677 -1.23787
280 1 28 -0.0526024 0.582055 -0.12623
281 1 29 -0.0583714 0.370381 -1.87347
282 -1 29 -0.0389008 -0.277266 -1.04956
283 1 29 -0.0762898 0.325097 -0.307718
284 -1 29 -0.0354774 0.17576 0.620824
285 -1 29 0.0414539 -0.916212 0.234414
286 1 29 0.0204925 0.784978 -0.887799
287 1 29 -0.115113 0.31959 0.768404
288 1 29 -0.00725603 0.831709 -0.948848
289 1 29 -0.0463948 0.250493 -0.697849
290 -1 29 0.0497462 0.0525209 -0.703309
291 1 30 -0.047831 1.25011 -0.956968
292 1 30 -0.0161566 0.702128 -0.415996
293 1 30 -0.00376843 0.189235 -0.0669438
294 -1 30 0.0977313 -0.174641 -0.240238
295 -1 30 0.0451089 0.17107 0.547851
296 1 30 -0.0584386 0.707962 0.85897
297 -1 30 0.00054166 -0.706814 1.71404
298 -1 30 0.0632122 -0.537893 0.713324
299 -1 30 0.0802715 0.264593 0.679382
300 -1 30 0.138281 -0.253648 -0.168553
301 -1 31 0.0378581 -0.613437 -0.0433663
302 -1 31 0.0960645 0.210485 0.360426
303 -1 31 0.102781 -0.366526 0.132363
304 -1 31 0.0299729 -0.293486 0.576066
305 -1 31 0.061985 -0.119108 1.11168
306 1 31 -0.0306521 0.764587 -1.02228
307 1 31 -0.0579303 0.599645 -0.933249
308 -1 31 -0.0157795 0.113559 0.644276
309 1 31 -0.0416628 0.440897 -0.476574
310 -1 31 0.00592513 -0.559436 1.27398
311 1 32 -0.0441128 -0.66502 -0.214321
312 -1 32 0.0577921 -0.175848 -0.680837
313 -1 32 0.117459 0.233723 1.49771
314 -1 32 0.118273 -0.451588 0.177286
315 1 32 -0.0681901 0.47101 -0.464136
316 1 32 -0.0369128 0.0323715 -0.750399
317 -1 32 0.0502222 -0.472802 0.47079
318 -1 32 0.0506926 -0.444679 1.24275
319 -1 32 0.0722169 -0.21312 0.999014
320 1 32 -0.0304466 0.477109 -0.628014
321 -1 33 0.0471018 0.082595 1.30674
322 1 33 -0.0457773 0.405308 0.106141
323 1 33 -0.0785875 0.317768 -0.131715
324 -1 33 -0.0605357 0.132925 0.0472592
325 1 33 -0.0632911 0.0530899 -1.42051
326 1 33 -0.0559327 0.933354 -0.73616
327 1 33 -0.000684755 0.445798 0.154178
328 1 33 -0.0195475 0.703512 -1.35824
329 1 33 -0.0280674 0.0554859 -0.728044
330 -1 33 0.103539 -0.768302 0.760757
331 1 34 -0.0561716 0.0987867 -1.82698
332 1 34 -0.104668 0.357037 -0.823627
333 -1 34 0.0675926 -0.139235 0.965774
334 1 34 -0.0769142 0.463274 -1.46544
335 1 34 -0.0301998 -0.0508064 0.142614
336 -1 34 0.0453524 -0.292634 -0.64857
337 1 34 -0.01657 0.608434 -1.44136
338 -1 34 0.141702 -0.764277 0.741133
339 -1 34 0.192806 -0.743949 1.11205
340 -1 34 0.0200107 -0.521309 1.03416
341 -1 35 -0.0966747 -0.720123 0.338526
342 -1 35 0.0677768 -0.293066 0.0355855
343 -1 35 -0.0230326 -0.052673 0.106969
344 1 35 -0.117574 1.03 -0.76235
345 -1 35 0.0793376 -0.927334 0.42827
346 1 35 -0.0114919 0.347824 -0.472861
347 -1 35 0.0447678 -0.184419 1.45064
348 -1 35 0.04801 -0.323297 0.670302
349 -1 35 0.0705754 -0.43754 1.33167
350 -1 35 0.0619319 -0.311413 1.4726
351 -1 36 0.0598211 -0.3741 0.662964
352 -1 36 0.0754856 -0.332551 -0.241273
353 1 36 -0.00339409 0.666697 -0.685396
354 1 36 -0.0469954 0.609134 -0.359621
355 -1 36 -0.0473781 0.214692 0.707748
356 1 36 -0.0175248 -0.0511151 -0.611969
357 -1 36 0.0694792 -0.109885 -0.543716
358 -1 36 0.0905464 -0.483722 0.0704493
359 -1 36 0.0661828 -0.260575 0.833812
360 1 36 -0.0781915 0.757525 -0.551467
361 -1 37 0.0680376 -0.223338 0.732236
362 -1 37 -0.000702073 -0.0720589 -0.0793715
363 -1 37 -0.04612 -0.319028 0.80811
364 -1 37 0.00547555 -0.258401 -0.0537257
365 1 37 0.00675725 0.876095 -1.01766
366 1 37 -0.0557654 0.143268 -0.0153072
367 1 37 0.0136915 0.877169 -1.03083
368 -1 37 -0.00675595 -0.169655 0.721365
369 -1 37 -0.0659927 0.27427 1.83569
370 1 37 -0.0269985 0.33356 0.564094
371 -1 38 0.074385 0.110226 0.0727576
372 -1 38 0.0249161 -0.163604 0.94906
373 1 38 -0.0199165 -0.129468 -0.936907
374 1 38 -0.0606603 -0.222274 -0.706434
375 1 38 -0.0230378 0.0139997 -0.40599
376 -1 38 -0.0672613 -0.661949 2.14846
377 -1 38 -0.00139557 -0.344495 0.117068
378 1 38 -0.117209 0.312668 0.0386796
379 -1 38 0.0962622 -0.43614 0.277206
380 -1 38 0.0647758 -0.290654 1.59187
381 1 39 -0.0272152 0.412469 0.122407
382 -1 39 0.0205734 -0.117138 1.4756
383 1 39 -0.0554834 -0.29434 -0.0400957
384 1 39 -0.0309804 0.573457 -1.15766
385 1 39 -0.107554 0.179156 -0.720606
386 1 39 0.0330422 0.346456 -0.126079
387 -1 39 -0.00511472 -0.214139 0.748405
388 1 39 -0.020033 1.01909 -0.349288
389 1 39 -0.0447453 0.0409359 -0.275338
390 -1 39 0.0201299 0.064904 -0.0460738
391 -1 40 0.0793523 -0.561405 0.351127
392 1 40 -0.0998694 -0.074639 -0.930848
393 -1 40 0.0849912 -0.867902 0.764514
394 -1 40 0.110039 -0.0529877 0.0722261
395 -1 40 0.089886 -0.31806 0.159171
396 -1 40 0.0397181 -0.762996 -0.00512136
397 -1 40 0.0977042 -0.232997 0.0708813
398 1 40 -0.0143368 0.278202 -0.453163
399 -1 40 -0.00113818 -1.26075 0.988555
400 -1 40 -0.0637869 -0.10149 0.185322
401 -1 41 0.0185148 0.147946 0.0452211
402 1 41 -0.0465241 1.08626 -0.378087
403 -1 41 0.110264 -0.529381 1.83113
404 -1 41 0.064513 -0.459829 1.17743
405 -1 41 0.0303647 -0.135085 1.11455
406 -1 41 0.0849519 0.139044 0.841999
407 -1 41 0.140756 -0.862429 0.323326
408 -1 41 0.114147 -0.577188 0.871114
409 1 41 -0.00904322 0.402526 -0.342217
410 -1 41 0.0711822 -0.0111143 -0.213054
411 1 42 -0.0131773 -0.0477881 -0.632685
412 1 42 -0.034491 0.0275527 0.614621
413 1 42 -0.0033309 0.413123 -0.79216
414 -1 42 0.0217064 -0.24622 -0.230134
415 -1 42 0.0561496 0.601084 -0.535699
416 -1 42 0.0782494 -0.390791 -0.215401
417 1 42 0.0414555 0.887639 0.190219
418 -1 42 0.0110259 -0.459819 -0.252512
419 -1 42 0.00393474 -0.472363 0.661805
420 1 42 -0.0657667 0.642452 -1.10654
421 -1 43 0.123689 -1.16587 0.343913
422 -1 43 0.01055 -0.0263386 0.624679
423 -1 43 0.139773 -1.06741 -0.285249
424 1 43 -0.0630694 -0.152806 -0.362088
425 1 43 -0.103638 0.701474 -1.52746
426 -1 43 0.0576779 -0.932673 -0.0558184
427 1 43 -0.0268281 0.228658 -0.403244
428 1 43 -0.0471174 0.575955 -0.124753
429 1 43 -0.0887249 -0.238281 -0.167841
430 1 43 -0.0785823 0.342844 -0.162509
431 1 44 -0.149697 0.461668 -0.896908
432 -1 44 -0.000511492 -0.528998 0.396589
433 -1 44 0.0579014 -0.449954 0.0110288
434 1 44 -0.111316 0.166789 -1.455
435 -1 44 -0.0101757 -0.469494 0.300473
436 -1 44 0.0660472 -0.647324 1.67136
437 1 44 0.0245331 -0.158269 -0.933077
438 -1 44 0.105945 -0.721859 1.35293
439 1 44 -0.108273 0.296744 0.810437
440 1 44 -0.0428944 0.521122 -1.38323
441 -1 45 -0.0486178 -0.120806 1.547
442 -1 45 0.0156454 -0.435105 0.973981
443 -1 45 0.0352812 -0.153023 1.48377
444 1 45 -0.0631176 0.261143 0.414204
445 -1 45 -0.0174878 -0.66448 0.852764
446 -1 45 0.04014 -0.54479 1.06571
447 -1 45 0.0585894 -0.658986 1.2334
448 1 45 -0.0495647 0.0115243 -0.0941054
449 -1 45 0.126458 -0.65238 0.122422
450 -1 45 0.044745 -0.241057 1.60545
451 -1 46 -0.0322439 0.0161228 0.685344
452 -1 46 -0.0206453 -0.792303 0.733795
453 -1 46 0.0730978 -0.804742 0.843591
454 1 46 -0.139461 0.504906 -0.634046
455 1 46 -0.0592231 0.23552 -1.28308
456 1 46 -0.00315211 0.13407 -0.942101
457 1 46 0.0227304 -0.0907948 0.325216
458 -1 46 0.111202 0.085374 0.721415
459 -1 46 0.127401 -0.613072 1.45632
460 1 46 -0.0360611 0.121925 -0.0577851
461 -1 47 0.0742389 0.0517075 1.48292
462 1 47 -0.0679404 -0.442562 -0.66333
463 1 47 -0.118621 0.915339 -0.811815
464 -1 47 0.046259 -0.246356 1.15324
465 1 47 -0.0100751 0.328918 -0.810928
466 1 47 -0.0807644 0.33106 -0.160921
467 1 47 -0.0444342 -0.11851 -0.551185
468 -1 47 0.04968 0.00110948 -0.328363
469 1 47 -0.0745933 0.682068 -0.855617
470 -1 47 0.0164935 0.167958 -0.0762888
471 1 48 -0.0609134 0.523594 -0.623898
472 1 48 -0.0690612 -0.139618 -1.37939
473 -1 48 0.0658343 -0.39752 0.514499
474 1 48 -0.0281893 0.322364 -0.0347933
475 1 48 -0.00451814 -0.128815 -0.267267
476 -1 48 0.0578053 -0.307752 0.432867
477 1 48 -0.0593618 0.420692 -0.653352
478 1 48 -0.0356672 0.395496 0.452165
479 1 48 -0.044333 -0.204263 -0.95756
480 1 48 -0.0977537 0.797159 -0.440203
481 1 49 -0.0915395 0.147081 -1.74315
482 -1 49 9.68814e-05 -0.670913 0.50493
483 -1 49 -0.0145619 -0.238151 0.163245
484 1 49 -0.120155 0.292898 -0.128039
485 1 49 -0.00232267 0.305172 -0.67689
486 1 49 -0.0961924 -0.0980459 -0.418387
487 1 49 -0.0723392 0.321712 0.130476
488 -1 49 0.0292283 0.120944 1.07951
489 -1 49 0.06539 -0.611114 0.603967
490 1 49 -0.023028 0.162888 -0.179985
491 1 50 0.0362569 -0.225179 -0.12734
492 -1 50 0.143068 0.184842 0.0599501
493 1 50 -0.00515338 0.0933948 -0.275537
494 -1 50 0.00972852 -0.181193 0.793994
495 -1 50 0.0747168 -0.1143 -0.0232437
496 -1 50 0.00778868 -0.820242 1.56847
497 1 50 -0.0509892 0.711974 -0.42304
498 1 50 -0.0716644 0.531073 -1.03171
499 -1 50 0.0163455 -0.899692 0.984632
500 -1 50 0.0362523 -0.382471 0.817638
