1 -0.00448923 0.00466189 -0.027724 -0.223023 0.0253853 -0.0212416 -0.0916649
2 0.114506 0.0078016 -0.629711 0.187906 0.00957152 -0.00586762 -0.0360888
3 0.0965469 -0.0133797 -0.480321 0.459291 0.00588838 0.0113742 -0.0519594
4 -0.277163 -0.00763787 0.309029 0.666326 0.0247361 0.03721 -0.101221
5 0.0182942 0.000168212 0.314999 0.148118 -0.0188957 0.00918745 -0.216473
6 -0.470146 -0.00829194 0.297826 0.0688394 0.0108248 -0.00458623 -0.158711
7 0.124758 -0.00966176 1.36113 0.82372 0.0366582 0.0430187 -0.0308546
8 0.0753724 -0.00688491 0.127186 -0.00216659 0.0120189 -0.0256116 -0.144361
9 -0.222737 0.00508 0.86002 -0.0660506 -0.0230701 -0.0414584 -0.135118
10 0.341727 0.00804603 -0.390908 -0.312481 -0.132093 0.0144232 0.0543163
11 -0.278164 0.0161 -0.116745 0.819882 0.0153477 0.0189193 0.0629203
12 0.32957 0.000901895 0.315622 0.33233 -0.072359 -0.00878647 0.317718
13 0.000645973 -0.0306173 -0.419172 -0.510512 0.0503398 0.0320472 -0.217453
14 0.030457 0.0279714 -0.138907 1.00232 -0.0493769 -0.00513291 -0.0605333
15 -0.352322 -0.00520166 0.740441 0.108831 0.0148281 0.00711586 0.165032
16 0.31664 -0.0149795 0.223645 -0.720167 -0.0245141 -0.00167076 0.177377
17 -0.005956 -0.000428452 -0.0203954 0.0380593 0.0578717 -0.00960138 0.00277158
18 -0.190401 0.0103414 0.550271 0.317728 0.0762571 0.00330814 -0.0968591
19 0.0504988 0.0112522 0.171547 -0.611546 0.0029107 0.0262154 -0.0392213
20 0.0401797 -0.000387863 -0.236478 -0.0358647 0.0424064 -0.0215514 -0.126226
21 0.0865619 0.0226383 -0.0265253 -0.368677 0.00099401 -0.0486055 0.0717138
22 0.0717822 -0.00437411 -0.329601 0.235642 0.0448574 0.00628086 0.0815202
23 0.279058 0.00459946 0.373205 0.129676 -0.0462817 -0.0104228 -0.00651631
24 0.232291 -0.00768575 0.639639 0.371923 -0.0697896 0.0208342 0.00578024
25 0.0828432 0.00666777 0.419908 -1.26128 -0.00196903 -0.0204248 0.0112934
26 0.137923 0.00954346 -0.276275 0.809055 0.0156864 0.027129 0.0169638
27 -0.0154581 -0.00472365 0.751609 -0.179598 0.0317622 0.00220811 -0.0281427
28 -0.000409728 -0.0139883 0.439904 0.372117 -0.0180234 0.00417511 -0.0723486
29 -0.0776811 0.00223553 0.438501 -0.292508 0.0270573 -0.0105211 -0.171803
30 0.0676821 -0.0323046 -1.38016 -0.332515 0.00950491 0.0134955 0.282707
31 -0.0595673 0.00390146 0.651477 -0.223179 0.0796776 -0.00413138 -0.251795
32 -0.148258 -0.0112388 -0.479315 -0.4213 0.00548354 0.0407153 -0.00596871
33 -0.2562 0.01201 0.684724 0.490135 0.0750049 -0.00886337 0.152387
34 0.209709 -0.0125538 0.180958 -0.255929 0.0481682 -0.0196251 0.18653
35 -0.0634644 0.00120506 -0.0237584 0.634888 -0.0195173 -0.0140211 -0.0596493
36 -0.316153 -0.00616234 0.0527071 0.212819 0.0352942 0.0363937 0.162182
37 -0.0738971 0.0059836 -0.120308 -0.201833 -0.0443333 0.0107489 -0.119253
38 0.124065 0.0303224 0.4492 0.202272 0.102281 0.00722842 -0.172376
39 0.0863649 0.0335032 -0.261601 0.133506 -0.0901947 0.0106251 0.15224
40 0.0331506 0.0150217 -0.109262 0.46345 0.0235222 -0.00798839 0.055997
41 -0.333732 0.00280534 -0.46469 -0.249424 0.0232103 -0.0205921 -0.0212529
42 -0.206065 -0.0234964 -0.17043 0.495449 -0.00139529 -0.0127759 0.00553103
43 -0.233913 0.0201183 0.543002 0.569177 -0.0125837 -0.0149094 -0.15144
44 0.199796 0.00439894 -0.0534591 -0.197496 0.0344622 0.0409284 0.0231315
45 0.238987 0.0258626 0.154147 0.471614 0.0464756 -0.00368427 -0.294715
46 0.00220771 0.00794272 1.1148 -0.0295802 0.0217071 -0.0198559 0.0759033
47 0.125662 -0.00662107 0.155057 0.553231 -0.0279131 0.0284393 -0.109079
48 0.189639 -0.0139897 0.913103 -0.0873974 -0.00177626 -0.0010804 0.275796
49 -0.0791103 -0.0251914 0.336744 0.896167 -0.00752512 -0.0185307 -0.199368
50 0.0475337 0.00327449 -1.10335 -0.667693 0.0372807 -0.00298021 0.328993
